Model Performance:
 - RMSE: 0.0590811145854974
Additional Metrics:
 - R2: 0.9018358653369151
 - NSE: 0.9018358653369151
 - MAPE: 15.56%
 - MAE: 0.0486300695806574